lastAccountName: Bijju089
timestamps:
  login: 1684564131990
  logout: 1684564966815
ipAddress: 103.146.224.223
logoutlocation:
  world: world
  x: -10.143856909815394
  y: 57.0
  z: -12.100448496501254
  yaw: -338.9998
  pitch: 22.799984
lastlocation:
  world: inca1v1luckyblock
  x: -50.18558305141873
  y: -10.386551685912945
  z: -36.50847797841635
  yaw: 327.45035
  pitch: -51.449993
money: '65.0'
