lastAccountName: BijjuXD
timestamps:
  login: 1681657032768
  logout: 1681657130172
ipAddress: 127.0.0.1
logoutlocation:
  world: world
  x: 495.3130703394261
  y: 71.0
  z: 529.3090746963967
  yaw: -295.9499
  pitch: 7.0499687
money: '4455.0'
lastlocation:
  world: acropolis1v1
  x: -102.27792466418254
  y: -1.3772773672785013
  z: -59.760347544213424
  yaw: 184.82372
  pitch: -44.84998
